0 173 90 102 239 78 217 228 261 188 140 89 216 251 238 217 430 241 197 510 162 166 147 423 483 275 544 286 569 483 379 386 454 405 392 349 530 583 555 583 603 443 481 615 589 548 590 727 349 254 443 462 317 496 724 1052 526 526 536 1309
390 0 381 398 240 438 329 565 625 549 501 450 553 174 576 555 402 579 534 405 105 74 444 468 797 415 589 508 614 512 601 608 676 451 350 571 488 540 512 540 561 401 453 572 546 506 548 685 571 476 401 434 365 469 682 1007 484 484 493 1264
91 76 0 53 189 58 308 208 241 168 120 69 196 201 219 198 362 222 177 448 64 68 98 373 574 225 494 237 519 472 330 336 404 355 309 300 447 499 472 499 520 360 413 532 506 465 507 644 300 205 360 394 324 428 641 984 443 443 452 1241
241 124 210 0 136 165 337 167 252 162 109 155 155 149 178 157 410 181 136 472 113 75 45 320 724 172 441 184 466 520 277 284 352 303 358 247 495 548 520 548 569 409 461 580 554 513 555 692 247 152 409 442 373 477 689 1018 492 492 501 1275
448 174 439 456 0 496 387 623 682 606 558 507 611 141 634 613 460 637 592 473 163 125 247 420 854 272 541 284 566 570 377 383 451 402 408 347 545 598 570 598 619 459 511 630 604 563 606 742 347 252 459 492 423 527 739 1009 542 542 551 1267
75 127 44 84 221 0 292 149 182 109 61 10 137 233 160 138 413 162 118 500 116 120 130 405 558 257 526 268 551 523 361 368 436 387 361 332 499 551 523 551 572 412 464 583 557 516 559 695 332 237 412 445 376 480 692 1035 495 495 504 1293
147 229 139 156 292 195 0 323 382 306 258 207 310 248 333 312 257 336 292 401 230 222 201 476 604 328 597 340 622 367 432 439 507 458 205 403 342 395 367 395 416 256 372 427 401 360 402 539 403 308 256 288 220 323 536 968 339 339 348 1200
233 285 201 222 319 157 450 0 212 84 100 146 12 322 79 58 571 60 97 645 274 248 228 503 716 355 624 366 649 681 459 466 534 485 519 430 656 709 681 709 730 570 622 741 715 674 716 853 430 335 570 603 534 638 850 1193 653 653 662 1450
262 314 231 250 387 186 479 224 0 149 158 176 212 399 202 181 600 226 222 687 303 307 296 571 745 423 692 434 717 710 527 534 602 553 548 498 686 738 710 738 759 599 651 770 744 703 746 882 498 403 599 632 563 667 879 1222 682 682 691 1480
192 244 161 181 307 116 409 96 144 0 51 105 84 313 74 53 530 99 117 617 233 237 216 491 675 343 612 355 637 640 448 454 522 473 478 418 616 668 640 668 689 529 581 700 674 633 676 812 418 323 529 562 493 597 809 1152 612 612 621 1410
141 193 109 130 255 64 357 95 143 48 0 54 83 261 101 80 479 109 64 566 182 185 163 439 624 291 560 302 585 589 395 402 470 421 427 365 564 617 589 617 638 478 530 649 623 582 624 761 365 270 478 511 442 545 758 1101 561 561 570 1358
87 139 55 76 212 10 303 139 174 99 51 0 127 224 149 128 425 152 108 512 128 131 121 396 570 248 517 260 542 535 353 359 427 378 373 323 510 563 535 563 583 424 476 595 569 528 570 707 323 228 424 457 388 491 704 1047 506 506 516 1304
221 273 189 210 306 144 437 12 199 72 88 134 0 310 67 46 559 47 85 633 262 235 215 491 704 343 612 354 637 669 447 454 522 473 507 417 644 697 669 697 717 557 610 729 703 662 704 841 417 322 557 591 522 625 838 1181 640 640 650 1438
490 168 481 498 153 538 429 665 724 648 600 549 653 0 676 655 502 679 634 340 205 167 384 331 896 277 452 367 477 612 460 466 534 313 450 484 588 512 540 512 590 501 527 569 585 605 587 712 484 389 501 534 465 569 709 869 584 584 593 1127
249 301 218 238 332 173 466 89 229 102 117 162 77 338 0 21 587 91 139 661 290 264 241 516 732 368 637 380 662 697 473 479 547 498 535 443 673 725 697 725 746 586 638 757 731 690 733 869 443 348 586 619 550 654 866 1209 669 669 678 1467
228 280 197 217 311 152 445 68 208 80 96 141 56 317 21 0 566 70 118 640 269 243 220 495 711 347 616 359 641 676 452 458 526 477 514 422 652 704 676 704 725 565 617 736 710 669 712 848 422 327 565 598 529 633 845 1188 648 648 657 1446
307 389 298 315 452 355 252 482 542 466 417 367 470 408 493 472 0 496 451 561 390 381 360 636 548 488 757 499 782 263 592 599 667 618 220 562 357 410 382 410 431 271 531 442 416 375 417 554 562 467 271 512 162 547 551 982 354 354 363 1223
243 296 212 232 329 167 460 60 221 94 111 157 48 332 88 67 582 0 108 656 284 258 238 513 727 365 635 377 659 692 470 477 545 496 529 440 667 719 692 719 740 580 633 752 726 685 727 864 440 345 580 614 544 648 861 1204 663 663 672 1461
197 250 166 186 280 121 414 92 208 118 65 111 80 286 127 106 536 106 0 610 238 212 189 464 681 316 586 328 610 646 421 428 496 447 483 391 621 673 646 673 694 534 587 706 680 639 681 818 391 296 534 568 498 602 815 1158 617 617 626 1415
342 338 334 351 448 391 400 518 577 501 453 402 505 296 528 507 435 531 487 0 277 411 396 574 801 523 695 535 720 545 628 634 702 556 317 598 455 508 480 508 528 368 406 540 514 473 515 652 598 503 368 387 404 421 649 977 451 451 461 1234
285 267 276 293 378 333 224 460 520 444 395 345 448 225 471 450 297 474 429 378 0 341 338 503 692 466 625 477 649 407 570 577 645 486 245 540 383 435 407 435 456 296 348 467 441 400 443 579 540 445 296 329 260 364 576 919 379 379 388 1177
373 69 364 381 255 421 311 548 607 531 483 432 536 203 558 537 385 561 517 439 87 0 426 498 779 445 619 523 644 495 616 622 690 481 332 586 470 523 495 523 543 383 436 555 529 488 530 667 586 491 383 417 348 451 664 1007 466 466 476 1264
424 151 416 433 91 472 363 600 659 583 535 484 587 181 610 589 437 613 569 492 139 101 0 275 831 127 396 139 421 547 232 239 307 257 384 202 522 574 547 574 595 435 488 607 581 540 582 719 202 107 435 469 399 503 716 993 518 518 527 1251
514 509 506 523 620 562 572 690 749 673 625 574 677 467 700 679 607 703 659 357 449 583 568 0 973 474 649 564 674 717 657 664 732 510 489 770 519 361 389 361 439 540 376 417 434 446 435 561 770 556 540 559 576 593 558 718 515 515 524 975
485 658 574 587 723 562 547 712 745 673 624 574 700 759 723 702 687 726 681 911 647 650 632 907 0 759 1028 771 1053 391 864 871 939 889 618 834 755 808 780 808 829 669 882 840 814 773 815 952 834 739 669 835 560 870 949 1380 752 752 761 1622
504 230 495 512 170 552 442 679 738 662 614 563 667 260 689 668 516 692 648 462 218 180 196 256 910 0 377 120 402 626 212 219 287 238 464 295 601 654 626 654 674 514 567 686 660 619 661 798 295 111 514 548 479 582 795 974 597 597 607 1231
663 498 654 671 438 711 721 838 897 821 773 722 826 528 849 828 755 852 807 505 486 448 464 299 1122 297 0 387 68 865 480 487 555 281 638 563 776 660 688 660 738 689 675 717 733 746 735 860 563 379 689 707 746 742 857 1017 772 772 781 1275
534 391 526 543 331 583 592 710 769 693 645 594 697 421 720 699 627 723 679 377 379 341 357 171 993 190 292 0 317 737 127 139 207 153 509 456 647 531 559 531 610 560 547 588 605 617 606 732 456 271 560 579 639 613 729 889 643 643 653 1146
652 506 644 661 446 700 710 828 887 811 763 712 815 536 838 817 745 841 797 495 494 456 472 289 1111 305 75 395 0 855 488 495 563 271 627 571 765 649 677 649 728 678 665 706 723 735 724 850 571 387 678 697 754 731 847 1006 761 761 770 1264
414 496 406 422 559 462 359 590 649 573 525 474 577 515 600 579 396 603 559 668 497 489 468 743 385 595 864 607 889 0 699 706 774 725 327 670 464 517 489 517 538 378 638 549 523 482 525 661 670 575 378 620 269 654 658 1090 461 461 470 1331
581 437 572 589 377 629 639 756 816 740 691 641 744 467 767 746 674 770 725 424 426 387 403 217 1040 237 339 253 364 784 0 116 138 200 556 503 694 578 606 578 657 607 593 635 651 664 653 779 503 318 607 625 686 660 776 935 690 690 699 1193
620 476 611 628 416 668 678 795 854 778 730 679 783 506 805 784 712 808 764 462 464 426 442 256 1078 275 377 138 402 822 109 0 68 238 595 541 732 616 644 616 695 646 632 673 690 702 691 817 541 357 646 664 724 698 814 974 729 729 738 1231
647 503 638 655 443 695 705 822 881 805 757 706 810 533 833 811 739 835 791 489 491 453 469 283 1106 302 404 212 429 849 136 75 0 265 622 568 759 644 672 644 722 673 659 701 717 729 719 844 568 384 673 691 751 726 841 1001 756 756 765 1258
381 376 372 389 352 429 439 556 615 539 491 440 544 334 567 546 473 570 525 223 316 362 434 13 840 211 386 301 411 583 394 401 469 0 356 477 494 374 402 374 452 407 389 431 447 460 449 574 477 293 407 425 443 460 571 731 490 490 499 988
385 380 376 393 490 433 443 560 619 543 495 444 548 338 571 549 315 574 529 491 320 453 438 616 709 565 737 577 762 425 670 677 745 598 0 640 138 190 162 190 211 51 461 222 196 155 198 334 640 545 51 385 284 420 331 763 134 134 143 1004
651 377 642 659 317 699 589 826 885 809 761 710 814 407 836 815 663 839 795 647 366 327 226 440 1057 292 561 304 586 773 397 404 472 423 611 0 748 801 773 801 821 662 714 833 807 766 808 945 0 272 662 695 626 729 942 1158 744 744 754 1416
512 507 503 520 617 560 570 687 746 670 622 571 675 465 697 676 442 700 656 617 446 580 565 743 836 692 864 704 889 552 797 803 871 725 127 767 0 164 136 164 185 119 498 196 170 129 171 308 767 672 119 512 411 547 305 625 4 4 5 978
575 571 567 584 681 624 634 751 810 734 686 635 739 529 761 740 506 764 720 567 510 644 629 621 900 567 742 657 767 616 750 756 824 603 191 831 158 0 28 0 79 182 334 57 73 86 75 201 831 736 182 576 475 611 198 556 155 155 164 814
548 543 539 556 653 596 606 723 782 706 658 607 711 501 733 712 478 736 692 595 482 616 601 648 872 595 770 740 794 588 833 839 907 631 163 803 130 28 0 28 51 155 362 60 45 58 47 184 803 708 155 548 447 583 181 584 127 127 136 842
575 571 567 584 681 624 634 751 810 734 686 635 739 529 761 740 506 764 720 567 510 644 629 621 900 567 742 657 767 616 750 756 824 603 191 831 158 0 28 0 79 182 334 57 73 86 75 201 831 736 182 576 475 611 198 556 155 155 164 814
602 597 593 610 707 650 660 777 836 760 712 661 765 555 788 766 532 791 746 649 537 670 655 702 926 649 824 794 848 642 887 894 962 685 217 857 185 82 54 82 0 209 416 64 5 58 34 171 857 762 209 602 501 637 168 638 181 181 190 896
454 449 445 462 560 502 512 629 689 613 564 514 617 407 640 619 384 643 598 560 389 523 507 685 778 634 806 646 831 494 739 746 814 668 69 709 136 189 161 189 210 0 530 221 195 154 196 333 709 614 0 454 354 489 330 761 133 133 142 1003
401 397 393 410 507 450 459 577 636 560 512 461 564 355 587 566 494 590 546 451 336 470 455 633 860 582 754 594 779 604 687 693 761 615 376 657 514 331 359 331 410 427 0 388 404 417 406 531 657 562 427 446 463 480 528 688 510 510 520 946
602 597 593 610 707 650 660 777 836 760 712 661 765 555 787 766 532 790 746 634 536 670 655 687 926 634 809 794 834 642 887 893 961 670 217 857 184 67 54 67 65 209 401 0 59 112 43 188 857 762 209 602 501 637 185 623 181 181 190 881
587 582 578 595 693 635 645 763 822 746 698 647 750 540 773 752 517 776 731 643 522 656 641 697 912 643 818 779 843 627 872 879 947 679 203 843 170 76 49 76 5 194 410 59 0 64 29 166 843 748 194 588 487 622 163 633 166 166 176 890
543 538 535 552 649 591 601 719 778 702 654 603 706 496 729 708 473 732 688 649 478 612 597 711 868 724 832 736 857 583 828 835 903 693 159 799 126 90 63 90 55 150 424 123 61 0 85 222 799 704 150 544 443 578 219 647 122 122 132 904
591 586 582 599 696 639 649 766 825 749 701 650 754 544 776 755 521 779 735 647 526 659 644 700 915 647 822 783 846 631 876 882 950 683 206 846 173 80 52 80 33 198 414 36 27 85 0 137 846 751 198 591 490 626 134 636 170 170 179 894
733 728 724 741 838 781 791 908 967 891 843 792 896 686 918 897 663 921 877 781 668 801 786 834 1057 781 956 925 980 773 1018 1024 1092 817 348 988 315 214 194 214 175 340 548 178 169 227 142 0 988 893 340 733 632 768 59 770 312 312 321 1028
651 377 642 659 317 699 589 826 885 809 761 710 814 407 836 815 663 839 795 647 366 327 226 440 1057 292 561 304 586 773 397 404 472 423 611 0 748 801 773 801 821 662 714 833 807 766 808 945 0 272 662 695 626 729 942 1158 744 744 754 1416
556 283 547 564 223 604 495 731 790 714 666 615 719 313 742 721 568 745 700 490 271 233 249 284 962 136 405 148 430 678 241 248 316 266 516 348 654 645 678 645 727 567 619 738 712 671 714 850 348 0 567 600 531 635 847 1002 650 650 659 1260
454 449 445 462 560 502 512 629 689 613 564 514 617 407 640 619 384 643 598 560 389 523 507 685 778 634 806 646 831 494 739 746 814 668 69 709 136 189 161 189 210 0 530 221 195 154 196 333 709 614 0 454 354 489 330 761 133 133 142 1003
455 450 446 463 561 503 513 630 690 614 565 515 618 408 641 620 385 644 599 561 390 524 508 687 780 636 808 647 833 495 740 747 815 669 268 710 406 458 430 458 479 319 531 490 464 423 466 602 710 615 319 0 355 31 599 1031 402 402 411 1272
213 295 204 221 357 261 194 388 447 371 323 272 376 314 399 378 341 402 357 467 296 287 266 541 579 393 662 405 687 292 498 505 573 524 272 468 410 462 434 462 483 323 437 494 468 428 470 607 468 373 323 418 0 453 604 1035 406 406 415 1276
483 478 474 491 588 531 541 658 717 641 593 542 646 436 669 647 413 672 627 589 418 551 536 714 807 663 835 675 860 523 768 775 843 696 295 738 433 486 458 486 506 346 559 518 492 451 493 630 738 643 346 22 382 0 627 1058 429 429 439 1299
730 725 721 738 835 778 788 905 964 888 840 789 893 683 915 894 660 918 874 778 665 798 783 832 1054 778 953 922 978 770 1015 1021 1090 814 345 985 312 211 191 211 172 337 545 175 166 224 139 62 985 890 337 730 629 765 0 767 309 309 318 1025
1028 1023 1019 1036 1134 1076 1086 1203 1263 1187 1138 1087 1191 981 1214 1193 975 1217 1172 962 963 1097 1081 1016 1487 963 1137 1052 1162 1151 1145 1152 1220 999 820 1283 693 588 616 588 667 812 730 645 662 674 663 789 1283 1044 812 1072 1105 1107 786 0 697 697 688 753
508 503 499 516 613 556 566 683 742 666 618 567 671 461 693 672 438 696 652 613 443 576 561 739 832 688 860 700 885 548 793 799 868 721 123 763 4 160 132 160 181 115 494 192 166 125 168 304 763 668 115 508 407 543 301 629 0 0 9 974
508 503 499 516 613 556 566 683 742 666 618 567 671 461 693 672 438 696 652 613 443 576 561 739 832 688 860 700 885 548 793 800 868 721 123 763 4 160 132 160 181 115 494 192 166 125 168 304 763 668 115 508 407 543 301 629 0 0 9 974
517 512 508 525 623 565 575 692 752 676 627 577 680 470 703 682 447 706 661 623 452 586 570 749 842 698 870 709 895 557 802 809 877 731 132 772 6 169 142 169 190 124 503 201 176 135 177 314 772 677 124 518 417 552 311 620 10 10 0 983
1255 1250 1246 1263 1361 1303 1313 1430 1490 1413 1365 1314 1418 1208 1441 1420 1321 1444 1399 1189 1190 1324 1308 1243 1714 1190 1364 1279 1389 1431 1372 1379 1447 1226 1006 1510 974 815 843 815 894 998 957 872 889 901 890 1016 1510 1271 998 1299 1290 1334 1013 774 970 970 979 0
