0 781 521 537 825 6084 485 1285 1985 1093 1093 1023 555 1296 1522 1311 1224 3299 920 1387 1231 6571 1082 736 1277 4727 3361 2273 5121 2752 5165 2158 3234 3282 4515 3632 3627 3776 3723 3020 2669 3744 3775 4273 2874 3503 3806 4264 13678 3603 3603 3672 2857 1692 2916 3020 2230 17781
2701 0 3030 3095 3384 3773 3456 2194 2152 3950 3950 4137 3412 4156 665 4160 4073 3466 3957 4248 4080 1169 682 260 3835 5008 6673 4228 5403 5310 5446 4377 5792 5840 4796 3799 3794 3944 3891 3187 2836 3911 3943 4440 3041 3670 3973 4431 11447 3771 3771 3839 3024 3506 3083 3187 4789 15549
521 258 0 156 444 5703 288 1806 2029 896 896 826 358 1098 1141 1114 1026 3343 723 1190 1034 6190 559 213 896 4346 3882 1892 4740 2371 4784 4254 2853 2901 4134 3675 3670 3820 3767 3063 2713 3788 3819 4317 2918 3546 3849 4308 13297 3647 3647 3716 2901 3383 2960 3063 1849 17400
848 1065 650 0 289 5547 361 2133 6385 855 855 1042 317 1061 985 1066 978 4150 862 1153 985 6034 1365 756 741 4190 4209 1736 4585 2215 4628 5060 2697 2745 3978 4482 4477 4627 4574 3870 3520 4594 4626 5123 3724 4353 4656 5114 13141 4454 4454 4522 3707 4189 3766 3870 1694 17244 
1479 776 1282 1440 0 5259 993 2588 6096 1083 1083 753 924 773 696 777 689 3861 573 864 696 5746 1077 467 452 3901 7068 1447 4296 1926 4340 4772 2409 2456 3689 4193 4188 4338 4285 3581 3231 4306 4337 4835 3435 4064 4367 4826 12853 4165 4165 4234 3419 3901 3477 3581 1405 16955
2488 3036 2817 2882 3171 0 3243 2641 1414 3737 3737 3924 3199 3943 2993 3948 3860 4256 3744 4035 3867 1063 2404 3323 3623 4384 7463 3604 4779 4336 4822 5167 4818 4866 4172 4139 4111 3961 4231 3527 3177 4252 4306 4718 3382 4010 4149 4709 7972 4111 4111 4180 3365 4296 3424 3527 3940 12075
485 548 288 445 734 5993 0 1770 2318 606 606 537 68 809 1431 825 737 3633 434 900 744 6480 849 503 1186 4636 3846 2182 5030 2660 5074 4544 3143 3191 4423 3965 3960 4110 4057 3353 3003 4078 4109 4607 3208 3836 4139 4598 13587 3937 3937 4006 3191 3673 3250 3353 2139 17690
893 1536 1221 1287 1575 6834 1647 0 1548 2142 2142 2329 1604 2348 1945 2352 2264 2278 2149 2439 2272 2219 2652 2043 2027 5477 5485 3023 5871 3502 5915 3189 3984 4032 5265 2544 2539 2689 2636 1932 2232 2657 2688 3186 2437 2415 2718 3177 14428 2516 2516 2585 2420 2318 2479 1932 2980 18531
1658 2205 1987 2052 2340 5041 2412 1810 0 2907 2907 3094 2369 3113 2163 3117 3029 3426 2914 3204 3037 285 1573 2492 2792 6277 6633 5496 6671 4267 6715 4337 4749 4797 6064 3309 3304 3454 3401 2697 2123 3421 3453 3950 2551 3180 3483 3942 8062 3281 3281 3350 2535 3466 2593 2697 3745 12165 
1093 1156 896 933 1032 6291 606 2378 2927 0 0 473 563 669 1729 683 595 4241 509 760 857 6778 1457 1111 1484 4934 4454 2480 5328 2959 5372 5152 3441 3489 4722 4574 4568 4718 4665 3962 3611 4686 4717 5215 3816 4444 4748 5206 13885 4545 4545 4614 3799 4281 3858 3962 2437 17988
1093 1156 896 933 1032 6291 606 2378 2927 0 0 473 563 669 1729 683 595 4241 509 760 857 6778 1457 1111 1484 4934 4454 2480 5328 2959 5372 5152 3441 3489 4722 4574 4569 4718 4665 3962 3611 4686 4717 5215 3816 4445 4748 5206 13885 4545 4546 4614 3799 4281 3858 3962 2437 17988
1100 1163 903 1061 970 5835 613 2385 3123 473 473 0 500 269 1273 284 196 4437 180 361 505 6322 1653 1043 1028 4478 4461 2024 4872 2502 4916 5348 2985 3033 4265 4769 4764 4914 4861 4157 3807 4882 4913 5411 4012 4640 4943 5402 13429 4741 4741 4810 3995 4477 4054 4157 1981 17532
555 618 358 516 494 5753 68 1840 2389 591 592 468 0 740 1191 756 668 3703 365 832 676 6240 919 573 946 4396 3916 1942 4790 2421 4834 4614 2903 2951 4184 4036 4031 4180 4127 3424 3073 4148 4179 4677 3278 3907 4210 4668 13347 4008 4008 4076 3261 3743 3320 3424 1899 17450 
1296 1359 1098 1256 1235 5694 809 2581 6531 669 669 269 740 0 1280 248 160 4445 378 182 342 6181 1661 1051 887  4337 4657 1883 4731 2361 4775 5356 2844 2892 4125 4777 4772 4922 4869 4165 3815 4889 4921 5418 4019 4648 4951 5410 13288 4749 4749 4818 4003 4485 4061 4165 1840 17391
3462 665 3791 3856 4145 3140 4217 2955 1182 4711 4711 4898 4173 4917 0 4922 4834 4228 4718 5009 4841 831 1444 806 4597 4376 7435 3595 4770 4328 4814 5139 4810 4858 4164 3907 3902 6803 3999 3295 2945 4019 4051 4548 3149 3778 6992 4540 10814 3879 3879 3948 3133 4268 3191 3295 3931 14917
1311 1375 1114 1272 1251 5858 825 2597 3146 683 683 284 756 248 1296 0 88 4461 389 339 482 6345 1676 1067 1052 4501 4672 2047 4896 2526 4939 5371 3008 3056 4289 4793 4788 4938 4885 4181 3831 4905 4937 5434 4035 4664 4967 5425 13452 4765 4765 4833 4018 4500 4077 4181 2005 17555
1224 1287 1026 1184 1163 5770 737 2509 3058 595 595 196 668 160 1208 88 0 4373 301 251 394 6258 1589 979 964 4413 4585 1959 4808 2438 4852 5284 2921 2968 4201 4705 4700 4850 4797 4093 3743 4817 4849 5346 3947 4576 4879 5338 13364 4677 4677 4746 3931 4413 3989 4093 1917 17467
2526 3170 2855 2920 3209 7538 3281 2019 4263 3775 3775 3962 3237 3982 4660 3986 3898 0 3782 4073 3905 4934 4070 3676 3661 7110 4017 4656 7505 5135 7549 1721 5618 5665 6898 2531 2526 2675 2622 1919 4947 2643 2674 3172 5152 2402 2705 3163 7098 2502 2503 2571 5135 1156 5194 1919 4614 12027
920 983 723 881 859 5655 433 2205 2943 509 509 180 365 390 1093 389 301 4257 0 466 325 6142 1473 863 848 4298 4281 1844 4692 2322 4736 5168 2805 2853 4085 4589 4584 4734 4681 3977 3627 4702 4733 5231 3832 4460 4763 5222 13249 4561 4561 4630 3815 4297 3874 3977 1801 17352
1387 1450 1190 1348 1326 5785 900 2672 6623 760 760 361 832 182 1372 339 251 4536 466 0 433 6272 1752 1142 978 4428 4748 1974 4823 2453 4866 5447 2935 2983 4216 4868 4863 5013 4960 4256 3906 4981 5012 5510 4111 4739 5042 5501 13379 4840 4840 4909 4094 4576 4153 4256 1932 17482
1231 1294 1034 1191 1170 5629 744 2516 3065 834 834 505 676 342 1216 482 394 4380 325 433 0 6116 1596 986 822 1231 1294 1034 1191 1170 5629 744 2516 3065 834 834 505 676 342 1216 482 394 4380 325 433 0 6116 1596 986 822 4684 4753 3938 4420 3997 4100 1775 17326
2025 2572 2354 2419 2707 5408 2780 2177 285 3274 3274 3461 2736 3480 2530 3484 3397 3793 3281 3572 3404 0 1940 2859 3159 6644 7000 5863 7038 4634 7082 4704 5116 5164 6431 3676 3671 3821 3768 3064 2714 3789 3820 4317 2918 3547 3850 4309 13082 3648 3648 3717 2902 3833 2960 3064 4113 17185
2018 1909 2347 2412 2701 4745 2773 1512 1470 3267 3268 3454 2730 3474 1867 3478 3390 2784 3275 3565 3397 2141 0 2196 3153 5980 5991 5200 6375 4627 6419 3695 5110 5158 5768 3116 3111 3261 3208 2504 2154 3229 3260 3758 2359 2987 3290 3749 12419 3088 3088 3157 2342 2824 2401 2504 4106 16522
2813 260 3142 3207 3496 3917 3568 2306 2264 4062 4062 4249 3524 4269 806 4273 4185 3579 4069 4360 4192 1313 795 0 3948 5152 6786 4372 5546 5422 5590 4490 5905 5952 4940 3911 3906 4056 4003 3299 2949 4024 4055 4553 3153 3782 4085 4544 11590 3883 3883 3952 3137 3619 3195 3299 4901 15693
3440 1121 3769 3834 4123 4807 4195 2933 5644 4689 4689 4876 4151 4896 1062 4900 4812 4206 4696 4987 4819 5294 1422 812 0 3450 7413 996 3844 1474 3888 5117 1957 2005 3237 4538 4533 4683 4630 3926 3576 4651 4682 5180 3781 4409 4712 5171 12401 4510 4510 4579 3764 4246 3823 3926 953 16504
3706 4253 4035 4100 4389 1277 4461 3858 2632 4955 4955 5142 4417 5161 4211 5166 5078 5474 4962 5253 5085 2281 3622 4541 4840 0 8681 5723 6898 6315 6942 6385 6797 6845 6292 5788 5090 4940 5278 4745 4146 5258 5286 5697 4600 5273 5129 5688 8951 5760 5760 5829 4583 5514 4642 4745 5794 13054 
3361 5798 5483 5549 5837 10167 3846 3282 6891 4454 4454 4384 3916 4657 7288 4672 4585 5042 4281 4748 4592 7562 6699 6305 6289 9739 0 7285 10133 7764 10177 2503 8246 8294 9527 5159 5154 5304 5251 4547 7576 5272 5303 5801 7780 5030 5333 5792 9726 5131 5131 5200 7763 3784 7822 4547 7242 14656 
4225 1906 4554 4620 4908 4085 4980 3719 3677 5474 5475 5662 4937 5681 1847 5685 5597 4991 5482 5772 5604 4573 2207 1598 1274 2728 8198 0 3123 753 3167 5902 1236 1283 2516 5324 5318 5468 5415 4711 4361 5436 5467 5965 4566 5194 5497 5956 11679 5295 5295 5364 4549 5031 4608 4711 357 15782
5546 4059 5875 5940 6229 3635 6301 5872 4472 6795 6795 6982 6258 7002 4001 7006 6918 7144 6803 7093 6925 4122 4360 3751 3427 2278 10351 2174 0 2906 278 8055 3389 3437 2065 7198 7368 7218 7290 6586 6235 7310 7342 7975 6440 7069 7406 7966 11229 7170 7170 7238 6423 7184 6482 6586 2510 15332
5279 3949 5608 5673 5962 3367 6034 5761 4205 6528 6528 6715 5990 6734 3890 6739 6651 7034 6535 6826 6658 3854 4250 3640 3317 2010 10241 2064 2405 0 2448 7945 517 541 1798 6930 7100 6950 7022 6318 5968 7043 7074 7707 6173 6801 7139 7698 10961 6902 6902 6971 6156 7073 6215 6318 2399 15064
5590 4103 5919 5984 6273 3678 6345 5916 4516 6839 6839 7026 6301 7046 4044 7050 6962 7188 6846 7137 6969 4166 4404 3794 3471 2321 10395 2218 278 2950 0 8099 3433 3480 2109 7242 7411 7262 7333 6630 6279 7354 7385 8018 6484 7112 7450 8009 11272 7213 7213 7282 6467 7228 6526 6630 2554 15375 
2858 3502 3187 3252 3541 7870 3613 2352 4595 4107 4107 4294 3570 4314 4992 4318 4230 2746 4115 4405 4237 5266 4402 4008 3993 7443 2503 4989 7837 5467 7881 0 5950 5998 7230 2863 2858 3008 2955 2251 5279 2975 3007 3504 5484 2734 3037 3495 7430 2835 2835 2904 5467 1092 5526 2251 4946 12359
5322 3992 5651 5716 6005 3411 6077 5804 4248 6571 6571 6758 6033 6778 3933 6782 6694 7077 6578 6869 6701 3898 4293 3683 3360 2054 10284 2107 2448 946 2492 7988 0 404 1841 6974 7144 6994 7065 6362 6011 7086 7118 7750 6216 6845 7182 7742 11005 6946 6946 7014 6199 7117 6258 6362 2443 15108
5619 4288 5947 6013 6301 3707 6373 6101 4544 6868 6868 7055 6330 7074 4230 7078 6990 7373 6875 7165 6997 4194 4589 3980 3656 2350 10580 2403 2744 541 2788 8284 404 0 2138 7270 7440 7290 7362 6658 6308 7382 7414 8047 6512 7141 7478 8038 11301 7242 7242 7310 6495 7413 6554 6658 2739 15404
3474 4021 3802 3868 4156 1562 4228 3626 2399 4723 4723 4910 4185 4929 3979 4933 4845 5242 4730 5020 4853 2049 3389 4173 4608 197 8449 2596 3771 3328 3815 6153 3811 3859 0 5125 5287 5137 5217 4513 4163 5237 5269 5894 4367 4996 5326 5885 9148 5097 5097 5166 4351 5282 4409 4513 2932 13251
3513 4060 3842 3907 4195 4768 4267 4088 3621 4762 4762 4949 4224 4968 4018 4972 4884 3326 4769 5059 4892 4292 3428 4347 4647 8132 6533 7351 8526 6122 8570 4237 6604 6652 7919 0 707 857 804 724 4305 825 856 1354 4510 583 886 1345 4567 28 28 41 4493 3366 4552 724 5600 10209 
3508 4055 3836 3902 4190 4061 4262 4083 5415 4757 4757 4944 4219 4963 4013 4967 4879 3321 4764 5054 4887 5065 3423 4342 4642 8147 6528 7366 8541 8098 8585 4232 8581 8629 7934 698 0 150 188 719 2545 168 196 693 4505 183 179 684 5398 670 670 739 4488 3361 4547 719 7702 9501 
3657 4205 3986 4051 4340 3911 4412 4233 5265 4906 4907 5093 4369 5113 4163 5117 5029 3471 4914 5204 5036 4915 3573 8793 4792 7997 6678 7216 8391 7949 8435 4382 8431 8479 7785 848 150 0 338 869 2395 318 345 757 4655 332 188 748 5249 820 820 889 4638 3511 4697 869 7552 9352 
3604 4152 3933 3998 4287 4249 4359 4180 3712 4853 4853 5040 4315 5060 4109 5064 4976 3418 4860 5151 4983 5253 3520 4439 4739 8335 6625 7555 8729 6213 8773 4329 6696 6743 8123 795 188 338 0 816 2733 21 126 624 4602 221 209 615 5587 767 767 836 4585 3458 4644 816 5692 9690
2901 3448 3229 3295 3583 4780 3655 3476 3009 4150 4150 4337 3612 4356 3406 4360 4272 2714 4157 4447 4280 3680 2816 3735 4035 7519 5921 6739 7914 5510 7958 3625 5992 6040 7307 724 719 869 816 0 3693 837 868 1366 3898 595 898 1357 5292 696 696 765 3881 2754 3940 0 4988 10221
2369 2917 2698 2763 3052 3183 3124 2522 2108 3618 3619 3805 3081 3825 2875 3829 3741 4138 3626 3916 3748 2346 2285 3204 3504 6988 7345 6208 7383 4978 7427 5048 5461 5509 6776 4021 2611 2461 4113 3409 0 4133 4165 3218 3263 3892 2650 3209 6472 3993 3993 4061 3246 4177 3305 3409 4457 10575
3625 4173 3954 4019 4308 4228 4380 4201 5583 4874 4874 5061 4336 5081 4130 5085 4997 3439 4881 5172 5004 5232 3541 4460 4760 8314 6646 7534 8709 6234 8753 4349 6716 6764 8102 816 168 318 21 837 2713 0 105 603 4622 241 189 594 5566 788 788 856 4605 3478 4664 837 5713 9669
3656 4204 3985 4050 4339 4256 4411 4232 5611 4905 4906 5092 4368 5112 4162 5116 5028 3470 4913 5203 5035 5260 3572 4491 4791 8342 6677 7562 8737 6265 8780 4381 6748 6796 8130 847 196 345 126 868 2741 105 0 498 4654 323 142 489 5594 819 819 888 4637 3510 4696 868 5744 9697
4154 4702 4483 4548 4837 4668 4909 4730 6022 5403 5403 5590 4865 5609 4659 5614 5526 3967 5410 5701 5533 5671 4070 4989 5289 8753 7174 7973 9148 8705 9192 4878 9188 9235 8541 1345 693 757 624 1366 3152 603 498 0 5151 821 632 214 6005 1317 1317 1385 5134 4007 5193 1366 8309 10108
3111 3658 3440 3505 3794 6494 3866 3686 3219 4360 4360 4547 3822 4566 3616 4570 4483 2924 4367 4658 4490 3890 3026 3945 4245 7730 6131 6949 8124 5720 8168 3835 6202 6250 7517 2808 2803 2952 2899 2196 3903 2920 2951 3449 0 2678 2982 3440 7375 2779 2779 2848 17 2964 35 2196 5199 12304
3384 3931 3712 3778 4066 4243 4138 3959 3492 4633 4633 4820 4095 4839 3889 4843 4755 3197 4640 4930 4763 5247 3299 4218 4518 8329 6404 7549 8724 5993 8767 4108 6475 6523 8117 574 183 332 221 595 2728 241 323 821 4381 0 362 812 5581 546 546 615 4364 3237 4423 595 5471 9684
3687 4234 4015 4081 4369 4099 4441 4262 5454 4936 4936 5123 4398 5142 4192 5146 5058 3500 4943 5233 5066 5103 3602 4521 4821 8185 6707 7405 8580 8137 8623 4411 8619 8667 7973 877 179 188 209 898 2584 189 142 632 4684 362 0 623 5437 849 849 918 4667 3540 4726 898 7741 9540
4145 4693 4474 4539 4828 4659 4900 4721 6013 5394 5394 5581 4856 5601 4650 5605 5517 3959 5401 5692 5524 5663 4061 4980 5280 8745 7166 7964 9139 8696 9183 4869 9179 9227 8532 1336 684 748 615 1357 3143 594 489 214 5142 812 623 0 5996 1308 1308 1376 5126 3998 5184 1357 8300 10099 
10454 11002 10783 10848 11137 8026 11209 10607 9380 11703 11703 11890 11165 11910 10959 11914 11826 12222 11710 12001 11833 9030 10370 12908 11589 12112 15429 11331 12506 12064 12550 13133 12546 12594 11900 4567 5417 5267 5606 5292 6510 5585 5613 6024 11348 5600 5456 6015 0 4595 4595 4527 11331 12262 11390 5292 11667 6095
3484 4032 3813 3878 4167 4740 4239 4060 3593 4733 4734 4921 4196 4940 3990 4944 4856 3298 4741 5031 4863 4264 3400 4319 4619 8103 6505 7323 8498 6093 8542 4209 6576 6624 7891 28 679 829 776 696 4277 797 828 1326 4482 555 858 1317 4595 0 0 69 4465 3338 4524 696 5572 10181 
3485 4032 3813 3879 4167 4740 4239 4060 3593 4734 4734 4921 4196 4940 3990 4944 4856 3298 4741 5031 4863 4264 3400 4319 4619 8103 6505 7323 8498 6093 8542 4209 6576 6624 7891 28 679 829 776 696 4277 797 828 1326 4482 555 858 1317 4595 0 0 69 4465 3338 4524 696 5572 10181
3553 4101 3882 3947 4236 4809 4308 4129 3661 4802 4802 4989 4264 5009 4058 5013 4925 3367 4809 5100 4932 4333 3469 4388 4688 8172 6574 7392 8567 6162 8610 4278 6645 6692 7960 41 748 898 845 765 4346 865 897 1394 4550 624 927 1385 4527 69 69 0 4534 3407 4592 765 5641 10249
3094 3642 3423 3488 3777 6478 3849 3670 3202 4343 4343 4530 3805 4550 3599 4554 4466 2908 4350 4641 4473 3874 3010 3929 4229 7713 6115 6933 8107 5703 8151 3818 6185 6233 7501 2791 2786 2936 2882 2179 3887 2903 2935 3432 17 2662 2965 3423 7358 2763 2763 2831 0 2947 52 2179 5182 12287 
1520 2163 1848 1914 2202 7461 2274 1013 2175 2769 2769 2956 2231 2975 2572 2979 2891 2255 2776 3066 2899 2846 3279 2670 2654 1520 2163 1848 1914 2202 7461 2274 1013 2175 2769 2769 2956 2231 2975 2572 2979 2891 2255 2776 3066 2899 2846 3279 2670 2654 2344 2413 3047 0 3106 1760 3607 11869
3153 3700 3482 3547 3836 6536 3908 3728 3261 4402 4402 4589 3864 4608 3658 4612 4525 2966 4409 4700 4532 3932 3068 3987 4287 7772 6173 6991 8166 5762 8210 3877 6244 6292 7559 2850 2845 2994 2941 2238 3945 2962 2993 3491 35 2720 3024 3482 7417 2821 2821 2890 52 3006 0 2238 5241 12346 
2901 3448 3229 3295 3583 4780 3655 3476 3009 4150 4150 4337 3612 4356 3406 4360 4272 2714 4157 4447 4280 3680 2816 3735 4035 7519 5921 6739 7914 5510 7958 3625 5992 6040 7307 724 719 869 816 0 3693 837 868 1366 3898 595 898 1357 5292 696 696 765 3881 2754 3940 0 4988 10221 
4453 2133 4781 4847 5135 4285 5207 3946 5122 5702 5702 5889 5164 5908 2075 5912 5824 5218 5709 5999 5832 4772 2434 1825 1501 2928 8425 470 3322 953 3366 6129 1435 1483 2716 5551 8018 7868 5642 4939 4588 5663 5694 8625 4793 5422 8056 8616 11879 5522 5523 5591 4776 5258 4835 4939 0 15982 
14503 15051 14832 14897 15186 12075 15258 14656 13429 15752 15752 15939 15214 15959 15008 15963 15875 16271 15759 16050 15882 13079 14419 16957 15638 16161 19478 15380 16555 16112 16599 17182 16595 16643 15948 10165 9466 9316 9655 10185 10559 9634 9662 10073 15397 9649 9505 10064 5252 10136 10136 10205 15380 16311 15439 10185 15716 0
