56
521	41.6086808187	2102.9	2
258	66.8902798531	2182.7	3
156	40.8725299084	2442.8	4
444	42.5166212225	2121.5	5
4035	73.3655692072	2091.2	6
288	21.0868467812	2461	7
1806	35.4726434676	2051.9	8
2029	0.2735289597	2327	9
949	19.0120639165	2336	10
950	0.1257684643	2084.5	11
903	3.1849940954	2348	12
358	46.9489841196	2415	13
1098	13.2474836819	2361	14
1141	77.742883314	2395.5	15
1114	22.7564983229	2099.8	16
1026	16.6607087502	2239.8	17
3343	65.8478431722	2361.7	18
723	11.4090281982	2040.7	19
1190	12.7893236901	2305.5	20
1034	6.2400931752	2292.6	21
1541	32.7382681386	2435	22
559	42.8584882164	2472.8	23
213	43.1812979922	2201.5	24
896	30.8033638655	2100.2	25
3990	72.0220211288	2229	26
1892	61.0072954276	2395.4	27
4740	43.0745611107	2459.1	28
2371	62.0746979515	2356.7	29
4784	46.5644316009	2192.6	30
2681	62.5938831058	2424.4	31
2853	74.8719185077	2378.5	32
2901	46.5651626094	2158	33
4134	41.3277101104	2289	34
3675	65.9309174175	2492.8	35
3670	24.1168463702	2356.5	36
3820	19.8896923291	2479.6	37
3812	16.6586227843	2327.5	38
3063	20.6917316478	2497.8	39
2710	29.8631519523	2173.3	40
3791	10.6724323228	2059.9	41
3819	19.9142507191	2240.8	42
4317	18.6773660237	2206.4	43
2918	13.689814704	2430	44
3546	14.7839491007	2213.6	45
3849	22.6609701757	2116	46
4308	17.6639460862	2069	47
8559	13.7515968965	2278.3	48
3647	9.8063818664	2438.9	49
3647	23.4035735351	2080.8	50
2901	24.387766374	2458.5	51
2106	22.4190170245	2221.4	52
2960	14.5074055339	2009.7	53
3063	48.758625884	2419.7	54
1849	14.3838408814	2324.8	55
12662	29.8631519523	2042	56
1522	33.126764181	2296.2	57
